0.6387
0.3741
0.1190
0.8624
0.7134
0.1521
0.2483
0.1421
0.6736
0.4237
0.1713
0.5446
0.9512
0.9065
0.4529
0.3363
0.2492
0.5216
0.2705
0.0277
0.8377
0.7824
0.000276
0.9993
0.9288
0.01904
0.9522
0.7401
0.1270
0.3560
0.01785
0.3819
0.3568
0.8544
0.8107
0.2013
0.5118
0.3232
0.5492
4.550905
0.4733
0.3336
0.5143
0.3549
0.5412
0.3075
0.5685
0.2359
0.000481
0.9992
0.9942
0.7897
0.1569
0.6731
0.0820
0.5578
0.6208
0.1119
0.8769
0.2178
0.4775
0.5081
0.3780
0.1480
0.4151
0.1594
0.5042
0.1626
0.9989
0.9180
0.5626
0.2363
0.1881
0.4614
0.0678
0.9273
0.9151
0.6179
0.0851
0.1519
0.4465
0.1597
0.6854
